31
73
86
93
51
15
23
25
93
51
73
1
2
83
91
93
76
95
43
96
56
47
86
35
80
57
69
77
94
40
69
59
91
51
26
20
71
67
15
18
51
87
5
8
18
8
34
4
9
44
18
82
47
12
88
16
27
84
14
8
80
79
50
26
40
54
2
94
57
8
57
1
39
13
59
25
36
14
52
93
19
72
42
24
97
75
79
83
80
53
100
1
99
75
57
61
45
42
32
58
69
31
42
32
22
74
92
93
100
7
45
55
36
23
1
42
46
45
19
21
41
88
44
80
23
54
7
6
22
84
35
93
41
35
63
43
17
51
82
63
77
69
63
59
86
21
92
59
66
12
43
27
97
88
31
63
64
77
91
39
78
47
20
26
76
74
84
6
72
88
85
48
62
68
19
84
77
75
67
19
92
7
63
49
53
44
63
28
38
38
94
53
10
88
27
2
39
81
13
60
51
84
24
59
81
92
97
7
60
39
27
81
94
72
27
93
75
91
13
42
50
21
30
87
68
95
4
91
17
73
20
92
11
17
2
69
34
22
88
26
26
35
89
97
68
41
87
70
33
21
70
56
7
76
19
8
84
40
100
0
70
34
65
38
48
62
97
30
49
91
87
57
33
59
67
65
70
66
26
68
11
25
93
18
62
95
69
35
52
2
59
96
46
24
79
93
20
78
38
80
67
50
42
23
79
37
78
70
68
57
48
99
2
11
84
18
16
43
6
45
51
92
53
85
74
48
27
83
46
56
46
61
66
59
8
63
24
69
73
85
58
72
66
71
86
60
43
81
40
91
0
22
23
81
67
86
92
16
72
50
18
68
61
37
3
66
5
84
62
100
67
84
94
96
1
7
53
20
21
94
98
37
0
40
0
43
31
8
14
67
75
29
16
53
3
39
28
42
80
19
19
33
57
92
11
59
55
24
56
9
71
21
12
85
15
85
77
31
59
99
71
34
21
61
12
46
53
23
100
46
96
80
85
92
35
57
30
73
74
27
9
32
31
25
10
87
65
36
0
72
67
83
47
71
40
8
48
61
36
69
0
33
7
73
90
10
28
74
15
27
81
34
49
63
17
17
47
55
4
65
46
48
75
81
81
84
38
49
85
86
82
47
47
82
93
67
99
18
5
92
